[LEFT_CAM_2K]
fx=1074.68
fy=1075.05
cx=1104.3
cy=623.82
k1=-0.0609324
k2=0.0348213
p1=0.000435614
p2=-3.20665e-05
k3=-0.0130198

[RIGHT_CAM_2K]
fx=1069.18
fy=1068.76
cx=1137.19
cy=643.067
k1=-0.0351551
k2=0.00810024
p1=0.000411008
p2=0.000399927
k3=-0.00485187

[LEFT_CAM_FHD]
fx=1074.68
fy=1075.05
cx=960.3
cy=542.82
k1=-0.0609324
k2=0.0348213
p1=0.000435614
p2=-3.20665e-05
k3=-0.0130198

[RIGHT_CAM_FHD]
fx=1069.18
fy=1068.76
cx=993.19
cy=562.067
k1=-0.0351551
k2=0.00810024
p1=0.000411008
p2=0.000399927
k3=-0.00485187

[LEFT_CAM_HD]
fx=537.34
fy=537.525
cx=638.65
cy=359.91
k1=-0.0609324
k2=0.0348213
p1=0.000435614
p2=-3.20665e-05
k3=-0.0130198

[RIGHT_CAM_HD]
fx=534.59
fy=534.38
cx=655.095
cy=369.5335
k1=-0.0351551
k2=0.00810024
p1=0.000411008
p2=0.000399927
k3=-0.00485187

[LEFT_CAM_VGA]
fx=268.67
fy=268.7625
cx=334.825
cy=187.455
k1=-0.0609324
k2=0.0348213
p1=0.000435614
p2=-3.20665e-05
k3=-0.0130198

[RIGHT_CAM_VGA]
fx=267.295
fy=267.19
cx=343.0475
cy=192.26675
k1=-0.0351551
k2=0.00810024
p1=0.000411008
p2=0.000399927
k3=-0.00485187

[LEFT_DISTO]
k1=14.6211
k2=-14.2513
k3=2.32158
k4=15.0307
k5=-14.2567
k6=2.11407
p1=0.000520785
p2=6.91251e-05

[RIGHT_DISTO]
k1=-1.22683
k2=2.68273
k3=0.10023
k4=-1.1322
k5=2.53033
k6=0.273121
p1=0.000477489
p2=1.36497e-05

[STEREO]
Baseline=119.937
TY=-0.0908894
TZ=-0.0200602
CV_2K=0.0023806
CV_FHD=0.0023806
CV_HD=0.0023806
CV_VGA=0.0023806
RX_2K=0.000621963
RX_FHD=0.000621963
RX_HD=0.000621963
RX_VGA=0.000621963
RZ_2K=0.000998587
RZ_FHD=0.000998587
RZ_HD=0.000998587
RZ_VGA=0.000998587

[MISC]
Sensor_ID=0

