%YAML:1.0
---
cam_model: stereo
Kl: !!opencv-matrix
   rows: 3
   cols: 3
   dt: d
   data: [ 9.3731705282055145e+02, 5.7029763027596947e-01,
       6.1621580895097418e+02, 0., 9.3742674598551196e+02,
       4.7786887267144897e+02, 0., 0., 1. ]
Dl: !!opencv-matrix
   rows: 1
   cols: 4
   dt: d
   data: [ -3.6898639026776786e-01, 2.4014963622971810e-02,
       -2.8988852166819402e-04, -1.0183158191141380e-03 ]
xil: !!opencv-matrix
   rows: 1
   cols: 1
   dt: d
   data: [ 1.4144762614323936e+00 ]
Rl: !!opencv-matrix
   rows: 3
   cols: 3
   dt: d
   data: [ 9.9998773766379190e-01, 1.1035743769655742e-03,
       4.8276956869454440e-03, -1.1035872374988503e-03,
       9.9999939104741919e-01, 0., -4.8276927471076966e-03,
       -5.3277833466412374e-06, 9.9998834660927649e-01 ]
Kr: !!opencv-matrix
   rows: 3
   cols: 3
   dt: d
   data: [ 9.1536888432190676e+02, 5.9137410902796872e-01,
       6.1874023201201760e+02, 0., 9.1549131241487680e+02,
       4.7897575133961243e+02, 0., 0., 1. ]
Dr: !!opencv-matrix
   rows: 1
   cols: 4
   dt: d
   data: [ -3.8459000792583142e-01, 5.0852131945250317e-02,
       7.0039998752040216e-05, -5.3167183036432282e-04 ]
xir: !!opencv-matrix
   rows: 1
   cols: 1
   dt: d
   data: [ 1.3537223088739232e+00 ]
Rr: !!opencv-matrix
   rows: 3
   cols: 3
   dt: d
   data: [ 9.9998759128912673e-01, 2.5746359420031769e-03,
       4.2647998237357373e-03, -2.5678590642520477e-03,
       9.9999543303543115e-01, -1.5937402883176581e-03,
       -4.2688836475745767e-03, 1.5827691071706148e-03,
       9.9998963568346899e-01 ]
T: !!opencv-matrix
   rows: 3
   cols: 1
   dt: d
   data: [ -1.1970129967885433e-01, -3.0910592611608974e-04,
       -5.1029876338835433e-04 ]

fov: 90.0
key_str: NBRUNBMDAG
RMSE: 2.4017358726375523e-01
cap_size: [ 2560, 960 ]
